10 1.000000 0.400000 0.808460 -0.006618 -0.013233 -0.010745 -1.805610 
20 1.000000 0.400000 0.805531 -0.006265 -0.007581 -0.002470 -1.616627 
30 1.000000 0.400000 0.801602 -0.006186 0.000966 0.013356 -1.426057 
40 1.000000 0.400000 0.797302 -0.006291 0.012944 0.002899 -1.255389 
50 1.000000 0.400000 0.793779 -0.006808 0.029087 -0.032557 -1.061719 
60 1.000000 0.400000 0.792787 -0.007928 0.049155 -0.101879 -0.898325 
70 1.000000 0.400000 0.794895 -0.009081 0.068907 -0.237754 -0.956784 
80 1.000000 0.400000 0.797568 -0.009309 0.083331 -0.119309 -0.992192 
90 1.000000 0.400000 0.800383 -0.008920 0.095367 0.057046 -1.053683 
100 1.000000 0.400000 0.802868 -0.008304 0.105597 0.234389 -1.125990 
110 1.000000 0.400000 0.804993 -0.007869 0.115111 0.423811 -1.138280 
120 1.000000 0.400000 0.806645 -0.007975 0.124199 0.604319 -1.149468 
130 1.000000 0.400000 0.807767 -0.008835 0.133550 0.787589 -1.084976 
140 1.000000 0.400000 0.808028 -0.010956 0.143152 0.947951 -1.006845 
150 1.000000 0.400000 0.807147 -0.014673 0.153336 1.076472 -0.867590 
160 1.000000 0.400000 0.804563 -0.020421 0.163682 1.196559 -0.712616 
170 1.000000 0.400000 0.800180 -0.028460 0.173516 1.266779 -0.531755 
180 1.000000 0.400000 0.794533 -0.038047 0.181993 1.352983 -0.360538 
190 1.000000 0.400000 0.787341 -0.048051 0.188522 1.394428 -0.179719 
200 1.000000 0.400000 0.778928 -0.058552 0.193681 1.420405 -0.011108 
210 1.000000 0.400000 0.769174 -0.069703 0.197685 1.394825 0.167111 
220 1.000000 0.400000 0.757982 -0.081342 0.200703 1.338042 0.349122 
230 1.000000 0.400000 0.745858 -0.094009 0.202988 1.260336 0.509143 
240 1.000000 0.400000 0.734489 -0.108477 0.204338 1.151999 0.668844 
250 1.000000 0.400000 0.725567 -0.123628 0.204602 1.073685 0.803608 
260 1.000000 0.400000 0.719020 -0.139189 0.203019 0.980924 0.961806 
270 1.000000 0.400000 0.713535 -0.153201 0.198915 0.888482 1.108112 
280 1.000000 0.400000 0.707715 -0.165153 0.192432 0.791580 1.266747 
290 1.000000 0.400000 0.701299 -0.175301 0.183992 0.625321 1.359582 
300 1.000000 0.400000 0.693877 -0.183212 0.174128 0.448055 1.435212 
310 1.000000 0.400000 0.685682 -0.189119 0.163244 0.270561 1.467147 
320 1.000000 0.400000 0.677886 -0.193774 0.150967 0.107714 1.412438 
330 1.000000 0.400000 0.670630 -0.196839 0.138127 -0.074036 1.390297 
340 1.000000 0.400000 0.664537 -0.198797 0.124159 -0.232359 1.330906 
350 1.000000 0.400000 0.660559 -0.199574 0.109583 -0.411146 1.258315 
360 1.000000 0.400000 0.659296 -0.199130 0.096381 -0.584568 1.318776 
370 1.000000 0.400000 0.658833 -0.197893 0.085830 -0.769365 1.335564 
380 1.000000 0.400000 0.657861 -0.195827 0.076384 -0.950253 1.301655 
390 1.000000 0.400000 0.655574 -0.192530 0.067288 -1.103098 1.199564 
400 1.000000 0.400000 0.651598 -0.187662 0.058238 -1.206807 1.063858 
410 1.000000 0.400000 0.645617 -0.180498 0.048521 -1.266114 0.881231 
420 1.000000 0.400000 0.637402 -0.170183 0.038675 -1.262883 0.690534 
430 1.000000 0.400000 0.628564 -0.156097 0.028450 -1.220354 0.515463 
440 1.000000 0.400000 0.620785 -0.138339 0.019044 -1.179131 0.333599 
450 1.000000 0.400000 0.614898 -0.119957 0.011881 -1.208636 0.150204 
460 1.000000 0.400000 0.609470 -0.102241 0.006433 -1.262333 -0.023660 
470 1.000000 0.400000 0.604014 -0.086311 0.003230 -1.283852 -0.209209 
480 1.000000 0.400000 0.598832 -0.070048 0.001900 -1.260670 -0.389631 
490 1.000000 0.400000 0.594635 -0.055290 0.002822 -1.269363 -0.586430 
500 1.000000 0.400000 0.591167 -0.043215 0.005563 -1.259959 -0.774471 
510 1.000000 0.400000 0.587775 -0.033394 0.009557 -1.196666 -0.949988 
520 1.000000 0.400000 0.583726 -0.025411 0.014380 -1.137703 -1.126131 
530 1.000000 0.400000 0.577536 -0.019043 0.019823 -1.013882 -1.263019 
540 1.000000 0.400000 0.568582 -0.013635 0.026325 -0.833705 -1.322347 
550 1.000000 0.400000 0.557356 -0.008955 0.034307 -0.656322 -1.316730 
560 1.000000 0.400000 0.544890 -0.005259 0.043977 -0.478773 -1.265065 
570 1.000000 0.400000 0.533305 -0.002398 0.056263 -0.327487 -1.151637 
580 1.000000 0.400000 0.524530 -0.001003 0.070757 -0.170468 -1.050471 
590 1.000000 0.400000 0.520556 -0.000974 0.088627 -0.045638 -0.909105 
600 1.000000 0.400000 0.521981 -0.002318 0.107445 0.117439 -0.911713 
610 1.000000 0.400000 0.524556 -0.004045 0.120958 0.263982 -0.989906 
620 1.000000 0.400000 0.526762 -0.006362 0.132301 0.451379 -1.001835 
630 1.000000 0.400000 0.528182 -0.009619 0.143110 0.613835 -0.903769 
640 1.000000 0.400000 0.528205 -0.014449 0.154306 0.757850 -0.779592 
650 1.000000 0.400000 0.526140 -0.021330 0.165969 0.870930 -0.650222 
660 1.000000 0.400000 0.521205 -0.031211 0.178637 0.926893 -0.468567 
670 1.000000 0.400000 0.512750 -0.045718 0.193032 0.894964 -0.280489 
680 1.000000 0.400000 0.500472 -0.066448 0.208492 0.842456 -0.098417 
690 1.000000 0.400000 0.486244 -0.094064 0.223834 0.785733 0.089765 
700 1.000000 0.400000 0.474958 -0.127972 0.235537 0.718497 0.259486 
710 1.000000 0.400000 0.468589 -0.160917 0.240136 0.718778 0.453298 
720 1.000000 0.400000 0.466892 -0.189355 0.238431 0.723752 0.645009 
730 1.000000 0.400000 0.465049 -0.210606 0.233001 0.715272 0.828029 
740 1.000000 0.400000 0.461181 -0.230252 0.224045 0.580102 0.956339 
750 1.000000 0.400000 0.452220 -0.248757 0.210878 0.426848 1.066619 
760 1.000000 0.400000 0.436807 -0.265341 0.192967 0.235174 1.090824 
770 1.000000 0.400000 0.415747 -0.281003 0.168135 0.056416 1.029533 
780 1.000000 0.400000 0.392618 -0.293988 0.135708 -0.117116 0.980254 
790 1.000000 0.400000 0.373623 -0.301784 0.096690 -0.275422 0.869519 
800 1.000000 0.400000 0.363715 -0.301367 0.059312 -0.469937 0.886975 
810 1.000000 0.400000 0.359647 -0.295105 0.032183 -0.658592 0.885889 
820 1.000000 0.400000 0.356930 -0.286504 0.012715 -0.846273 0.885135 
830 1.000000 0.400000 0.353714 -0.275884 -0.002966 -0.955589 0.737217 
840 1.000000 0.400000 0.349622 -0.261870 -0.017689 -1.060231 0.592637 
850 1.000000 0.400000 0.344822 -0.243882 -0.030707 -1.086669 0.401910 
860 1.000000 0.400000 0.340476 -0.221650 -0.041318 -1.109793 0.208851 
870 1.000000 0.400000 0.337626 -0.199081 -0.047372 -1.167674 0.024875 
880 1.000000 0.400000 0.335704 -0.180079 -0.049489 -1.221576 -0.132911 
890 1.000000 0.400000 0.333513 -0.163163 -0.048663 -1.258920 -0.306888 
900 1.000000 0.400000 0.330766 -0.147307 -0.045580 -1.183047 -0.464624 
910 1.000000 0.400000 0.326331 -0.131035 -0.039493 -1.058959 -0.613824 
920 1.000000 0.400000 0.319094 -0.114708 -0.029638 -0.909789 -0.731009 
930 1.000000 0.400000 0.308186 -0.098943 -0.015455 -0.747723 -0.786575 
940 1.000000 0.400000 0.293403 -0.083582 0.004561 -0.558794 -0.808016 
950 1.000000 0.400000 0.276019 -0.070096 0.031922 -0.378223 -0.761958 
960 1.000000 0.400000 0.260911 -0.060255 0.067773 -0.220210 -0.677513 
970 1.000000 0.400000 0.255164 -0.055937 0.111692 -0.056837 -0.617144 
980 1.000000 0.400000 0.257422 -0.060016 0.149231 0.132699 -0.613717 
990 1.000000 0.400000 0.261060 -0.069320 0.179554 0.277488 -0.565686 
1000 1.000000 0.400000 0.262959 -0.082619 0.205463 0.441488 -0.480098 
1010 1.000000 0.400000 0.261341 -0.100949 0.228538 0.540015 -0.324284 
1020 1.000000 0.400000 0.255622 -0.127154 0.251212 0.536877 -0.129888 
1030 1.000000 0.400000 0.246292 -0.162019 0.271868 0.535618 0.042421 
1040 1.000000 0.400000 0.235198 -0.206479 0.287245 0.496570 0.228486 
1050 1.000000 0.400000 0.226455 -0.256475 0.291344 0.421607 0.402502 
1060 1.000000 0.400000 0.222400 -0.307602 0.281564 0.322174 0.566285 
1070 1.000000 0.400000 0.216541 -0.349993 0.259590 0.220576 0.726520 
1080 1.000000 0.400000 0.205001 -0.384193 0.227271 0.039302 0.794218 
1090 1.000000 0.400000 0.188127 -0.413663 0.181417 -0.148414 0.769283 
1100 1.000000 0.400000 0.170710 -0.433605 0.122074 -0.328090 0.730047 
1110 1.000000 0.400000 0.162673 -0.437634 0.068046 -0.461788 0.813412 
1120 1.000000 0.400000 0.161685 -0.436697 0.038049 -0.512701 0.971472 
1130 1.000000 0.400000 0.161942 -0.434944 0.020740 -0.594821 1.110809 
1140 1.000000 0.400000 0.162240 -0.431917 0.007376 -0.770520 1.054907 
1150 1.000000 0.400000 0.162041 -0.426238 -0.006456 -0.925393 0.943329 
1160 1.000000 0.400000 0.161160 -0.417589 -0.020386 -1.036371 0.810577 
1170 1.000000 0.400000 0.159307 -0.405372 -0.034584 -1.112030 0.646028 
1180 1.000000 0.400000 0.156014 -0.388203 -0.048509 -1.170223 0.466256 
1190 1.000000 0.400000 0.151551 -0.366498 -0.060161 -1.203457 0.286841 
1200 1.000000 0.400000 0.146358 -0.338779 -0.069086 -1.149933 0.112644 
1210 1.000000 0.400000 0.141755 -0.304943 -0.073036 -1.112207 -0.077650 
1220 1.000000 0.400000 0.139219 -0.271673 -0.069107 -1.090910 -0.262490 
1230 1.000000 0.400000 0.138020 -0.245639 -0.060087 -1.041733 -0.441139 
1240 1.000000 0.400000 0.136434 -0.221986 -0.045519 -0.905669 -0.579166 
1250 1.000000 0.400000 0.133909 -0.198568 -0.023994 -0.739473 -0.595863 
1260 1.000000 0.400000 0.130480 -0.174311 0.007718 -0.550602 -0.617411 
1270 1.000000 0.400000 0.127202 -0.155660 0.049154 -0.363422 -0.606811 
1280 1.000000 0.400000 0.126855 -0.146221 0.099908 -0.187277 -0.544476 
1290 1.000000 0.400000 0.130578 -0.149040 0.152967 -0.010863 -0.512031 
1300 1.000000 0.400000 0.134465 -0.165170 0.201001 0.145377 -0.400467 
1310 1.000000 0.400000 0.135766 -0.194957 0.245578 0.235246 -0.232658 
1320 1.000000 0.400000 0.133603 -0.238324 0.285445 0.264199 -0.062242 
1330 1.000000 0.400000 0.128536 -0.297293 0.317416 0.230889 0.124565 
1340 1.000000 0.400000 0.125713 -0.370029 0.335476 0.180562 0.301124 
1350 1.000000 0.400000 0.129269 -0.438768 0.330252 0.135400 0.489294 
1360 1.000000 0.400000 0.130818 -0.491722 0.308571 0.068619 0.655072 
1370 1.000000 0.400000 0.127630 -0.535907 0.273634 -0.105089 0.739453 
1380 1.000000 0.400000 0.119754 -0.568815 0.228199 -0.268829 0.798116 
1390 1.000000 0.400000 0.110235 -0.589800 0.172902 -0.452397 0.781210 
1400 1.000000 0.400000 0.104512 -0.595448 0.115987 -0.608585 0.817368 
1410 1.000000 0.400000 0.104784 -0.593563 0.082932 -0.674025 0.998201 
1420 1.000000 0.400000 0.106866 -0.592174 0.064373 -0.638298 1.117333 
1430 1.000000 0.400000 0.109461 -0.592885 0.049389 -0.453310 1.132078 
1440 1.000000 0.400000 0.112238 -0.595935 0.035563 -0.286236 1.078857 
1450 1.000000 0.400000 0.114928 -0.601602 0.021633 -0.122896 0.966688 
1460 1.000000 0.400000 0.117312 -0.609888 0.008469 0.022458 0.851067 
1470 1.000000 0.400000 0.119216 -0.621812 -0.004933 0.079153 0.674112 
1480 1.000000 0.400000 0.120495 -0.639451 -0.019563 0.109264 0.493443 
1490 1.000000 0.400000 0.120991 -0.663320 -0.032923 0.096947 0.306055 
1500 1.000000 0.400000 0.120880 -0.692993 -0.043033 0.096240 0.129653 
1510 1.000000 0.400000 0.120707 -0.731195 -0.049171 -0.004576 -0.027166 
1520 1.000000 0.400000 0.123106 -0.777811 -0.045869 -0.119194 -0.177704 
1530 1.000000 0.400000 0.125622 -0.827193 -0.030303 -0.223565 -0.317317 
1540 1.000000 0.400000 0.126889 -0.876100 -0.001221 -0.382350 -0.382581 
1550 1.000000 0.400000 0.125153 -0.921428 0.042969 -0.565132 -0.440548 
1560 1.000000 0.400000 0.119378 -0.954843 0.101959 -0.744951 -0.423698 
1570 1.000000 0.400000 0.117479 -0.977524 0.177074 -0.915130 -0.355562 
1580 1.000000 0.400000 0.121279 -0.976296 0.249838 -1.096590 -0.333945 
1590 1.000000 0.400000 0.124207 -0.956857 0.306296 -1.266014 -0.251258 
1600 1.000000 0.400000 0.122879 -0.923545 0.352919 -1.368959 -0.101290 
1610 1.000000 0.400000 0.117009 -0.879086 0.388166 -1.424853 0.070052 
1620 1.000000 0.400000 0.109143 -0.820879 0.414076 -1.390938 0.250985 
1630 1.000000 0.400000 0.104836 -0.759976 0.423945 -1.450827 0.403565 
1640 1.000000 0.400000 0.105713 -0.725372 0.423363 -1.611618 0.505750 
1650 1.000000 0.400000 0.107783 -0.705752 0.420711 -1.715297 0.644686 
1660 1.000000 0.400000 0.109481 -0.689058 0.415417 -1.619643 0.801477 
1670 1.000000 0.400000 0.110503 -0.672493 0.406824 -1.510916 0.945583 
1680 1.000000 0.400000 0.110654 -0.656469 0.394185 -1.360350 1.069218 
1690 1.000000 0.400000 0.110113 -0.642561 0.378028 -1.190433 1.142977 
1700 1.000000 0.400000 0.108981 -0.630470 0.357524 -1.021045 1.168304 
1710 1.000000 0.400000 0.107694 -0.621552 0.332254 -0.833452 1.185160 
1720 1.000000 0.400000 0.107352 -0.618213 0.306552 -0.640325 1.213909 
1730 1.000000 0.400000 0.108022 -0.620287 0.282277 -0.448749 1.186311 
1740 1.000000 0.400000 0.109232 -0.627139 0.259902 -0.278733 1.103735 
1750 1.000000 0.400000 0.110453 -0.638899 0.238065 -0.153028 0.981598 
1760 1.000000 0.400000 0.111343 -0.656475 0.216502 -0.061173 0.819072 
1770 1.000000 0.400000 0.111807 -0.679991 0.196676 -0.019628 0.659161 
1780 1.000000 0.400000 0.111949 -0.712359 0.178849 -0.023218 0.467598 
1790 1.000000 0.400000 0.112513 -0.754458 0.166298 -0.062138 0.278549 
1800 1.000000 0.400000 0.115000 -0.800367 0.164275 -0.109194 0.091444 
1810 1.000000 0.400000 0.118628 -0.849133 0.175898 -0.237513 -0.047322 
1820 1.000000 0.400000 0.121300 -0.899028 0.201611 -0.369978 -0.178820 
1830 1.000000 0.400000 0.121048 -0.944310 0.241752 -0.556824 -0.226900 
1840 1.000000 0.400000 0.118117 -0.983626 0.299855 -0.744547 -0.195023 
1850 1.000000 0.400000 0.115511 -1.006089 0.369200 -0.920897 -0.165761 
1860 1.000000 0.400000 0.118571 -1.007699 0.442592 -1.098288 -0.125776 
1870 1.000000 0.400000 0.122390 -0.989616 0.503372 -1.262087 -0.042408 
1880 1.000000 0.400000 0.122013 -0.956851 0.552349 -1.404249 0.062106 
1890 1.000000 0.400000 0.117418 -0.914419 0.589298 -1.437855 0.243494 
1900 1.000000 0.400000 0.110023 -0.859678 0.616127 -1.432460 0.430816 
1910 1.000000 0.400000 0.104213 -0.797789 0.626947 -1.412457 0.617212 
1920 1.000000 0.400000 0.104367 -0.754965 0.626382 -1.589580 0.681586 
1930 1.000000 0.400000 0.106682 -0.732854 0.624422 -1.766076 0.755396 
1940 1.000000 0.400000 0.109060 -0.717799 0.621371 -1.749284 0.928039 
1950 1.000000 0.400000 0.110780 -0.702671 0.615439 -1.636876 1.079258 
1960 1.000000 0.400000 0.111726 -0.687712 0.606220 -1.500997 1.216853 
1970 1.000000 0.400000 0.111743 -0.673146 0.592976 -1.324012 1.295304 
1980 1.000000 0.400000 0.110756 -0.659084 0.574549 -1.144543 1.343413 
1990 1.000000 0.400000 0.109233 -0.647833 0.551575 -0.959102 1.386198 
2000 1.000000 0.400000 0.107904 -0.641295 0.525245 -0.764221 1.382348 
2010 1.000000 0.400000 0.107523 -0.640577 0.497276 -0.575624 1.374800 
2020 1.000000 0.400000 0.108277 -0.645330 0.471909 -0.390259 1.336073 
2030 1.000000 0.400000 0.109447 -0.655296 0.448257 -0.228622 1.230849 
2040 1.000000 0.400000 0.110427 -0.670569 0.426495 -0.095895 1.085924 
2050 1.000000 0.400000 0.110882 -0.691952 0.406661 -0.035493 0.908819 
2060 1.000000 0.400000 0.110894 -0.721922 0.388094 -0.019919 0.727160 
2070 1.000000 0.400000 0.111326 -0.761958 0.373224 -0.086443 0.542065 
2080 1.000000 0.400000 0.113513 -0.809497 0.366563 -0.138048 0.370544 
2090 1.000000 0.400000 0.118118 -0.858375 0.372792 -0.185093 0.192255 
2100 1.000000 0.400000 0.121116 -0.902801 0.390596 -0.304250 0.043558 
2110 1.000000 0.400000 0.121767 -0.946573 0.422421 -0.488104 -0.024358 
2120 1.000000 0.400000 0.119365 -0.987464 0.470938 -0.678515 -0.018723 
2130 1.000000 0.400000 0.116146 -1.020553 0.538717 -0.860610 0.037912 
2140 1.000000 0.400000 0.117524 -1.033348 0.615443 -1.048513 0.067168 
2150 1.000000 0.400000 0.122056 -1.022454 0.681935 -1.239693 0.084895 
2160 1.000000 0.400000 0.123355 -0.998028 0.731226 -1.386351 0.180781 
2170 1.000000 0.400000 0.120645 -0.961577 0.772830 -1.455548 0.358030 
2180 1.000000 0.400000 0.114039 -0.912150 0.805793 -1.464977 0.540073 
2190 1.000000 0.400000 0.106486 -0.853620 0.824290 -1.472907 0.735129 
2200 1.000000 0.400000 0.103512 -0.803003 0.826655 -1.560645 0.876699 
2210 1.000000 0.400000 0.104595 -0.774457 0.823803 -1.700281 0.989945 
2220 1.000000 0.400000 0.106330 -0.755809 0.818821 -1.698704 1.170696 
2230 1.000000 0.400000 0.107738 -0.739954 0.811278 -1.611113 1.324673 
2240 1.000000 0.400000 0.108391 -0.724262 0.799902 -1.458204 1.439498 
2250 1.000000 0.400000 0.108326 -0.709850 0.784518 -1.290384 1.518628 
2260 1.000000 0.400000 0.107532 -0.696775 0.763737 -1.099660 1.568912 
2270 1.000000 0.400000 0.106774 -0.687847 0.739491 -0.910478 1.588780 
2280 1.000000 0.400000 0.106793 -0.683852 0.713881 -0.730757 1.621781 
2290 1.000000 0.400000 0.107717 -0.685192 0.689493 -0.553026 1.586055 
2300 1.000000 0.400000 0.109161 -0.691142 0.666789 -0.368284 1.537274 
2310 1.000000 0.400000 0.110636 -0.700748 0.646981 -0.211431 1.449180 
2320 1.000000 0.400000 0.111667 -0.716130 0.626121 -0.142092 1.270355 
2330 1.000000 0.400000 0.112046 -0.738452 0.605479 -0.094836 1.096751 
2340 1.000000 0.400000 0.111903 -0.768658 0.587094 -0.095830 0.928014 
2350 1.000000 0.400000 0.112271 -0.809935 0.571264 -0.146235 0.746997 
2360 1.000000 0.400000 0.114614 -0.860268 0.563467 -0.190479 0.562723 
2370 1.000000 0.400000 0.118742 -0.907395 0.569945 -0.245615 0.395135 
2380 1.000000 0.400000 0.121538 -0.951713 0.587439 -0.337019 0.247541 
2390 1.000000 0.400000 0.122148 -0.993112 0.616234 -0.511439 0.188104 
2400 1.000000 0.400000 0.119979 -1.034829 0.662292 -0.704572 0.169919 
2410 1.000000 0.400000 0.115686 -1.067337 0.725282 -0.884622 0.202937 
2420 1.000000 0.400000 0.115959 -1.084553 0.801706 -1.064672 0.261198 
2430 1.000000 0.400000 0.120438 -1.077942 0.868972 -1.245024 0.284578 
2440 1.000000 0.400000 0.122535 -1.054816 0.921788 -1.417609 0.375604 
2450 1.000000 0.400000 0.119671 -1.018325 0.964050 -1.501190 0.548909 
2460 1.000000 0.400000 0.113023 -0.968676 0.997808 -1.521890 0.726291 
2470 1.000000 0.400000 0.105581 -0.908461 1.017863 -1.504353 0.916805 
2480 1.000000 0.400000 0.103200 -0.857832 1.021610 -1.636068 1.035894 
2490 1.000000 0.400000 0.104661 -0.830971 1.019956 -1.792641 1.137637 
2500 1.000000 0.400000 0.106616 -0.812941 1.016181 -1.777579 1.310382 
2510 1.000000 0.400000 0.108201 -0.796968 1.009753 -1.718057 1.472264 
2520 1.000000 0.400000 0.109202 -0.781697 1.000309 -1.595347 1.611985 
2530 1.000000 0.400000 0.109507 -0.767266 0.987316 -1.439715 1.710871 
2540 1.000000 0.400000 0.109133 -0.754253 0.970365 -1.260444 1.769837 
2550 1.000000 0.400000 0.108236 -0.743396 0.948743 -1.075701 1.783619 
2560 1.000000 0.400000 0.107599 -0.736736 0.924474 -0.891633 1.824614 
2570 1.000000 0.400000 0.107808 -0.735265 0.900098 -0.699262 1.828270 
2580 1.000000 0.400000 0.108765 -0.738402 0.876335 -0.537298 1.771486 
2590 1.000000 0.400000 0.110122 -0.745900 0.854110 -0.376471 1.690961 
2600 1.000000 0.400000 0.111390 -0.758090 0.832767 -0.239193 1.568561 
2610 1.000000 0.400000 0.112192 -0.775545 0.812519 -0.152217 1.408505 
2620 1.000000 0.400000 0.112365 -0.799465 0.793682 -0.134902 1.243735 
2630 1.000000 0.400000 0.112290 -0.832992 0.775531 -0.154132 1.058410 
2640 1.000000 0.400000 0.112774 -0.875436 0.762965 -0.173327 0.879572 
2650 1.000000 0.400000 0.115368 -0.921809 0.760063 -0.241095 0.702955 
2660 1.000000 0.400000 0.119844 -0.973675 0.771150 -0.373354 0.556851 
2670 1.000000 0.400000 0.122597 -1.021991 0.795679 -0.485550 0.408907 
2680 1.000000 0.400000 0.121732 -1.063472 0.833014 -0.655603 0.365473 
2690 1.000000 0.400000 0.119039 -1.102878 0.887166 -0.833768 0.386844 
2700 1.000000 0.400000 0.117157 -1.131567 0.957282 -1.019751 0.419754 
2710 1.000000 0.400000 0.120358 -1.138627 1.031958 -1.194846 0.456510 
2720 1.000000 0.400000 0.124730 -1.126820 1.090239 -1.365646 0.445168 
2730 1.000000 0.400000 0.125562 -1.104920 1.133201 -1.511948 0.564562 
2740 1.000000 0.400000 0.122250 -1.071314 1.170603 -1.589633 0.740059 
2750 1.000000 0.400000 0.115362 -1.024585 1.202676 -1.580756 0.909072 
2760 1.000000 0.400000 0.107709 -0.964567 1.226191 -1.552675 1.096633 
2770 1.000000 0.400000 0.104184 -0.910752 1.231120 -1.642297 1.262558 
2780 1.000000 0.400000 0.105099 -0.880201 1.228900 -1.805154 1.352433 
2790 1.000000 0.400000 0.106973 -0.861444 1.225074 -1.831095 1.521723 
2800 1.000000 0.400000 0.108435 -0.844958 1.218254 -1.748916 1.698028 
2810 1.000000 0.400000 0.109277 -0.829752 1.208321 -1.619801 1.837302 
2820 1.000000 0.400000 0.109331 -0.815313 1.194458 -1.441745 1.900950 
2830 1.000000 0.400000 0.108648 -0.801805 1.175831 -1.284285 1.980899 
2840 1.000000 0.400000 0.107835 -0.791743 1.154135 -1.093371 2.018974 
2850 1.000000 0.400000 0.107361 -0.786113 1.129669 -0.908656 2.006426 
2860 1.000000 0.400000 0.107838 -0.785361 1.105841 -0.721734 2.062544 
2870 1.000000 0.400000 0.109034 -0.788993 1.084487 -0.536120 2.008576 
2880 1.000000 0.400000 0.110388 -0.796981 1.063780 -0.382466 1.900469 
2890 1.000000 0.400000 0.111518 -0.809907 1.043115 -0.268205 1.755818 
2900 1.000000 0.400000 0.112092 -0.829143 1.022575 -0.207486 1.574461 
2910 1.000000 0.400000 0.112072 -0.856096 1.003401 -0.175016 1.393612 
2920 1.000000 0.400000 0.112084 -0.892145 0.987262 -0.208984 1.214155 
2930 1.000000 0.400000 0.113009 -0.936625 0.977948 -0.250810 1.025478 
2940 1.000000 0.400000 0.117167 -0.986268 0.978992 -0.309763 0.869811 
2950 1.000000 0.400000 0.121079 -1.033856 0.993140 -0.420311 0.715243 
2960 1.000000 0.400000 0.123096 -1.080546 1.021085 -0.581097 0.617113 
2970 1.000000 0.400000 0.122031 -1.122808 1.062843 -0.750760 0.583634 
2980 1.000000 0.400000 0.118654 -1.159486 1.122445 -0.944403 0.615425 
2990 1.000000 0.400000 0.117912 -1.182244 1.198026 -1.118581 0.658193 
3000 1.000000 0.400000 0.121777 -1.180898 1.267642 -1.307966 0.674334 
3010 1.000000 0.400000 0.124327 -1.161871 1.322264 -1.478094 0.747601 
3020 1.000000 0.400000 0.122554 -1.131454 1.364783 -1.602536 0.880001 
3030 1.000000 0.400000 0.117531 -1.088488 1.402895 -1.597515 1.057601 
3040 1.000000 0.400000 0.109919 -1.030252 1.432833 -1.599433 1.250405 
3050 1.000000 0.400000 0.104698 -0.973554 1.442897 -1.656854 1.425433 
3060 1.000000 0.400000 0.104526 -0.937786 1.441865 -1.815626 1.538758 
3070 1.000000 0.400000 0.106153 -0.917319 1.438634 -1.898394 1.683869 
3080 1.000000 0.400000 0.107549 -0.899719 1.432488 -1.813515 1.857022 
3090 1.000000 0.400000 0.108551 -0.884363 1.423773 -1.721316 1.988122 
3100 1.000000 0.400000 0.108762 -0.868570 1.410846 -1.551248 2.081859 
3110 1.000000 0.400000 0.108380 -0.854687 1.394123 -1.385838 2.166727 
3120 1.000000 0.400000 0.107539 -0.842289 1.372554 -1.217281 2.197873 
3130 1.000000 0.400000 0.107062 -0.834408 1.348874 -1.036749 2.230059 
3140 1.000000 0.400000 0.107328 -0.831632 1.324063 -0.840386 2.224219 
3150 1.000000 0.400000 0.108389 -0.834029 1.299519 -0.658027 2.194328 
3160 1.000000 0.400000 0.109858 -0.841433 1.275890 -0.483028 2.112330 
3170 1.000000 0.400000 0.111240 -0.854202 1.252715 -0.365242 1.972744 
3180 1.000000 0.400000 0.112109 -0.873479 1.229853 -0.275076 1.808237 
3190 1.000000 0.400000 0.112190 -0.900194 1.208981 -0.247119 1.628485 
3200 1.000000 0.400000 0.112076 -0.936391 1.190410 -0.261123 1.455215 
3210 1.000000 0.400000 0.112910 -0.982272 1.177370 -0.320383 1.282024 
3220 1.000000 0.400000 0.116625 -1.034487 1.175451 -0.391893 1.103333 
3230 1.000000 0.400000 0.121444 -1.088076 1.188872 -0.485342 0.947248 
3240 1.000000 0.400000 0.123572 -1.133371 1.213718 -0.607256 0.819408 
3250 1.000000 0.400000 0.122990 -1.178042 1.253947 -0.786734 0.809379 
3260 1.000000 0.400000 0.119780 -1.217652 1.311527 -0.968091 0.784967 
3270 1.000000 0.400000 0.116863 -1.242079 1.381939 -1.155446 0.844118 
3280 1.000000 0.400000 0.118803 -1.243450 1.455252 -1.346538 0.878667 
3290 1.000000 0.400000 0.121922 -1.225753 1.514457 -1.510722 0.937245 
3300 1.000000 0.400000 0.121047 -1.195693 1.559700 -1.634856 1.079232 
3310 1.000000 0.400000 0.115799 -1.152806 1.596480 -1.693079 1.254454 
3320 1.000000 0.400000 0.108025 -1.097427 1.622864 -1.672028 1.443282 
3330 1.000000 0.400000 0.102555 -1.037482 1.632835 -1.697096 1.620194 
3340 1.000000 0.400000 0.103090 -1.000423 1.632961 -1.882967 1.660414 
3350 1.000000 0.400000 0.105597 -0.981013 1.632525 -2.050034 1.628373 
3360 1.000000 0.400000 0.108556 -0.966362 1.634032 -2.049001 1.434268 
3370 1.000000 0.400000 0.111530 -0.952422 1.637920 -1.962372 1.271767 
3380 1.000000 0.400000 0.114342 -0.939776 1.643804 -1.896332 1.106661 
3390 1.000000 0.400000 0.116814 -0.927030 1.652416 -1.739593 1.015279 
3400 1.000000 0.400000 0.118809 -0.914429 1.664035 -1.601703 0.936242 
3410 1.000000 0.400000 0.120167 -0.901850 1.680033 -1.415061 0.892449 
3420 1.000000 0.400000 0.120715 -0.890149 1.702077 -1.230779 0.886458 
3430 1.000000 0.400000 0.120874 -0.880328 1.731149 -1.074728 0.974782 
3440 1.000000 0.400000 0.121695 -0.873524 1.772528 -0.906004 1.070721 
3450 1.000000 0.400000 0.124023 -0.876784 1.821216 -0.733447 1.156822 
3460 1.000000 0.400000 0.126608 -0.893132 1.870979 -0.593161 1.275864 
3470 1.000000 0.400000 0.126402 -0.923588 1.916754 -0.493413 1.441863 
3480 1.000000 0.400000 0.122322 -0.970352 1.958089 -0.485253 1.634304 
3490 1.000000 0.400000 0.117468 -1.037519 1.994898 -0.534147 1.817795 
3500 1.000000 0.400000 0.115790 -1.114666 2.010747 -0.577655 2.004729 
3510 1.000000 0.400000 0.120100 -1.183135 2.001478 -0.626121 2.173861 
3520 1.000000 0.400000 0.122195 -1.238988 1.975334 -0.731177 2.327448 
3530 1.000000 0.400000 0.119270 -1.283542 1.934606 -0.897502 2.425645 
3540 1.000000 0.400000 0.112733 -1.316323 1.881844 -1.070242 2.454864 
3550 1.000000 0.400000 0.106371 -1.333898 1.820600 -1.258403 2.428215 
3560 1.000000 0.400000 0.104971 -1.335043 1.772447 -1.390429 2.554508 
3570 1.000000 0.400000 0.106538 -1.332049 1.746269 -1.519283 2.697930 
3580 1.000000 0.400000 0.108243 -1.326831 1.728133 -1.699891 2.674683 
3590 1.000000 0.400000 0.109357 -1.318386 1.711527 -1.851601 2.553131 
3600 1.000000 0.400000 0.109764 -1.306531 1.696012 -1.980897 2.431310 
3610 1.000000 0.400000 0.109378 -1.290726 1.681816 -2.040081 2.242031 
3620 1.000000 0.400000 0.108147 -1.269487 1.669052 -2.070234 2.058841 
3630 1.000000 0.400000 0.106947 -1.244748 1.660017 -2.114150 1.885562 
3640 1.000000 0.400000 0.106621 -1.219457 1.656226 -2.127532 1.700508 
3650 1.000000 0.400000 0.107310 -1.195363 1.657676 -2.111182 1.512209 
3660 1.000000 0.400000 0.108646 -1.174040 1.663446 -2.067441 1.326986 
3670 1.000000 0.400000 0.110026 -1.153979 1.673424 -1.945638 1.178695 
3680 1.000000 0.400000 0.111018 -1.133783 1.688966 -1.774321 1.095003 
3690 1.000000 0.400000 0.111403 -1.113621 1.712065 -1.583585 1.057194 
3700 1.000000 0.400000 0.111462 -1.095658 1.743797 -1.396695 1.051018 
3710 1.000000 0.400000 0.112158 -1.082976 1.785333 -1.208800 1.098546 
3720 1.000000 0.400000 0.115180 -1.079622 1.835721 -1.032784 1.173933 
3730 1.000000 0.400000 0.119834 -1.089886 1.888779 -0.866213 1.261426 
3740 1.000000 0.400000 0.123116 -1.114373 1.938623 -0.777310 1.419619 
3750 1.000000 0.400000 0.123643 -1.152640 1.984644 -0.711680 1.578107 
3760 1.000000 0.400000 0.120433 -1.206665 2.023009 -0.698784 1.762510 
3770 1.000000 0.400000 0.117242 -1.276971 2.049976 -0.753738 1.944991 
3780 1.000000 0.400000 0.120179 -1.353343 2.055281 -0.806786 2.129019 
3790 1.000000 0.400000 0.125285 -1.417719 2.038109 -0.840228 2.291696 
3800 1.000000 0.400000 0.125921 -1.464100 2.010643 -0.924524 2.439627 
3810 1.000000 0.400000 0.122493 -1.501345 1.973921 -1.105226 2.487946 
3820 1.000000 0.400000 0.115297 -1.532942 1.922688 -1.283756 2.457918 
3830 1.000000 0.400000 0.107821 -1.551940 1.861599 -1.470315 2.483323 
3840 1.000000 0.400000 0.104878 -1.553174 1.808989 -1.610987 2.545253 
3850 1.000000 0.400000 0.105748 -1.548184 1.777421 -1.774280 2.650512 
3860 1.000000 0.400000 0.107348 -1.541685 1.757874 -1.945015 2.690704 
3870 1.000000 0.400000 0.108663 -1.533351 1.741983 -2.082898 2.604523 
3880 1.000000 0.400000 0.109328 -1.522117 1.727141 -2.186627 2.460235 
3890 1.000000 0.400000 0.109028 -1.506135 1.712580 -2.256347 2.278310 
3900 1.000000 0.400000 0.107931 -1.484997 1.699807 -2.296492 2.086632 
3910 1.000000 0.400000 0.106764 -1.459781 1.691087 -2.292914 1.906227 
3920 1.000000 0.400000 0.106387 -1.432488 1.686952 -2.328856 1.730075 
3930 1.000000 0.400000 0.107214 -1.408404 1.688287 -2.312532 1.547792 
3940 1.000000 0.400000 0.108587 -1.386685 1.693973 -2.268596 1.375243 
3950 1.000000 0.400000 0.109936 -1.365126 1.704408 -2.143717 1.230028 
3960 1.000000 0.400000 0.110923 -1.345111 1.719707 -1.996339 1.109702 
3970 1.000000 0.400000 0.111235 -1.325510 1.742110 -1.804009 1.071043 
3980 1.000000 0.400000 0.111037 -1.307526 1.773639 -1.614021 1.079417 
3990 1.000000 0.400000 0.111695 -1.292781 1.816995 -1.439561 1.142793 
4000 1.000000 0.400000 0.114651 -1.288329 1.867255 -1.248835 1.184910 
4010 1.000000 0.400000 0.119177 -1.297213 1.918961 -1.097913 1.296451 
4020 1.000000 0.400000 0.122239 -1.319963 1.967287 -0.957080 1.426261 
4030 1.000000 0.400000 0.121827 -1.358059 2.011737 -0.890873 1.608034 
4040 1.000000 0.400000 0.118629 -1.414435 2.051807 -0.913030 1.797454 
4050 1.000000 0.400000 0.115259 -1.484418 2.077073 -0.954203 1.980239 
4060 1.000000 0.400000 0.118671 -1.561186 2.081407 -0.994629 2.163877 
4070 1.000000 0.400000 0.122765 -1.621872 2.063973 -1.055330 2.343137 
4080 1.000000 0.400000 0.122096 -1.667898 2.033616 -1.186968 2.473562 
4090 1.000000 0.400000 0.117098 -1.704529 1.991674 -1.356104 2.527055 
4100 1.000000 0.400000 0.109350 -1.731471 1.937194 -1.542212 2.519332 
4110 1.000000 0.400000 0.103807 -1.743884 1.876872 -1.710272 2.531552 
4120 1.000000 0.400000 0.103867 -1.744089 1.838495 -1.770727 2.705076 
4130 1.000000 0.400000 0.106050 -1.742950 1.817750 -1.874077 2.836450 
4140 1.000000 0.400000 0.108104 -1.739381 1.801230 -2.051801 2.813651 
4150 1.000000 0.400000 0.109691 -1.733217 1.785721 -2.192160 2.706165 
4160 1.000000 0.400000 0.110645 -1.723877 1.770394 -2.325609 2.585505 
4170 1.000000 0.400000 0.110849 -1.711006 1.755909 -2.411685 2.424611 
4180 1.000000 0.400000 0.110200 -1.693432 1.741954 -2.477321 2.252065 
4190 1.000000 0.400000 0.109143 -1.671909 1.730495 -2.494498 2.084849 
4200 1.000000 0.400000 0.108238 -1.647111 1.723000 -2.527499 1.890095 
4210 1.000000 0.400000 0.108090 -1.621108 1.720919 -2.502100 1.708795 
4220 1.000000 0.400000 0.108864 -1.596022 1.723982 -2.483807 1.522555 
4230 1.000000 0.400000 0.110119 -1.573818 1.731427 -2.411448 1.355687 
4240 1.000000 0.400000 0.111186 -1.551681 1.744220 -2.280312 1.226247 
4250 1.000000 0.400000 0.111802 -1.531280 1.762162 -2.113423 1.157347 
4260 1.000000 0.400000 0.111742 -1.510840 1.788476 -1.931316 1.140966 
4270 1.000000 0.400000 0.111584 -1.492507 1.824962 -1.745451 1.157637 
4280 1.000000 0.400000 0.112793 -1.481086 1.871667 -1.557511 1.197666 
4290 1.000000 0.400000 0.116364 -1.481631 1.923194 -1.388572 1.274956 
4300 1.000000 0.400000 0.120464 -1.495985 1.973793 -1.228659 1.379423 
4310 1.000000 0.400000 0.122388 -1.524633 2.021138 -1.113117 1.525205 
4320 1.000000 0.400000 0.120836 -1.568843 2.064182 -1.062933 1.708237 
4330 1.000000 0.400000 0.116123 -1.626351 2.095788 -1.083174 1.893900 
4340 1.000000 0.400000 0.114061 -1.700591 2.115736 -1.178384 2.064724 
4350 1.000000 0.400000 0.119029 -1.773372 2.111392 -1.216974 2.258868 
4360 1.000000 0.400000 0.122102 -1.828631 2.089752 -1.276045 2.417033 
4370 1.000000 0.400000 0.120568 -1.873005 2.055055 -1.441034 2.509376 
4380 1.000000 0.400000 0.115100 -1.907016 2.009730 -1.592587 2.552551 
4390 1.000000 0.400000 0.108844 -1.933917 1.951856 -1.760776 2.525912 
4400 1.000000 0.400000 0.105446 -1.942882 1.898700 -1.932370 2.608210 
4410 1.000000 0.400000 0.105786 -1.941358 1.865392 -2.048510 2.765691 
4420 1.000000 0.400000 0.107243 -1.936990 1.844528 -2.233745 2.784989 
4430 1.000000 0.400000 0.108307 -1.929266 1.826214 -2.389711 2.687805 
4440 1.000000 0.400000 0.108673 -1.917697 1.808945 -2.538195 2.560440 
4450 1.000000 0.400000 0.108343 -1.902290 1.793740 -2.633304 2.388130 
4460 1.000000 0.400000 0.107405 -1.882564 1.780849 -2.683648 2.205558 
4470 1.000000 0.400000 0.106241 -1.857850 1.770933 -2.688059 2.018565 
4480 1.000000 0.400000 0.105891 -1.831086 1.766236 -2.727670 1.829649 
4490 1.000000 0.400000 0.106797 -1.807431 1.767151 -2.727530 1.641101 
4500 1.000000 0.400000 0.108295 -1.785720 1.772523 -2.671544 1.461305 
4510 1.000000 0.400000 0.109856 -1.764502 1.782428 -2.566373 1.323870 
4520 1.000000 0.400000 0.111135 -1.744315 1.797040 -2.409497 1.218713 
4530 1.000000 0.400000 0.111815 -1.725075 1.817703 -2.236909 1.153601 
4540 1.000000 0.400000 0.111911 -1.707614 1.846181 -2.045814 1.147965 
4550 1.000000 0.400000 0.112081 -1.694252 1.884045 -1.867647 1.183725 
4560 1.000000 0.400000 0.114178 -1.687330 1.930939 -1.710576 1.252871 
4570 1.000000 0.400000 0.118407 -1.691988 1.982338 -1.547810 1.345228 
4580 1.000000 0.400000 0.123078 -1.711449 2.036735 -1.428525 1.494448 
4590 1.000000 0.400000 0.125124 -1.747266 2.088301 -1.322468 1.643752 
4600 1.000000 0.400000 0.122144 -1.794919 2.126959 -1.278447 1.814583 
4610 1.000000 0.400000 0.118542 -1.856496 2.158118 -1.330290 1.981743 
4620 1.000000 0.400000 0.117941 -1.930246 2.173734 -1.374792 2.164218 
4630 1.000000 0.400000 0.122098 -1.996807 2.165490 -1.419985 2.347482 
4640 1.000000 0.400000 0.123402 -2.049705 2.141328 -1.520726 2.496858 
4650 1.000000 0.400000 0.120223 -2.093417 2.103401 -1.681306 2.594473 
4660 1.000000 0.400000 0.112955 -2.125242 2.054273 -1.864885 2.604954 
4670 1.000000 0.400000 0.105059 -2.146177 1.990428 -2.053378 2.576248 
4680 1.000000 0.400000 0.102633 -2.148116 1.937619 -2.197074 2.677665 
4690 1.000000 0.400000 0.104366 -2.145892 1.908820 -2.253115 2.861929 
4700 1.000000 0.400000 0.106790 -2.142879 1.891505 -2.413873 2.916277 
4710 1.000000 0.400000 0.108741 -2.137238 1.875909 -2.577985 2.817040 
4720 1.000000 0.400000 0.110004 -2.128355 1.860696 -2.716220 2.692398 
4730 1.000000 0.400000 0.110711 -2.117172 1.847371 -2.837094 2.573076 
4740 1.000000 0.400000 0.110599 -2.102002 1.834543 -2.880756 2.390400 
4750 1.000000 0.400000 0.109587 -2.081197 1.822453 -2.897797 2.204810 
4760 1.000000 0.400000 0.108503 -2.056697 1.813917 -2.907757 2.027855 
4770 1.000000 0.400000 0.108006 -2.029491 1.810285 -2.889389 1.836536 
4780 1.000000 0.400000 0.108561 -2.003084 1.812414 -2.889066 1.649823 
4790 1.000000 0.400000 0.109684 -1.978304 1.819874 -2.800277 1.475325 
4800 1.000000 0.400000 0.110829 -1.955010 1.832485 -2.683939 1.356280 
4810 1.000000 0.400000 0.111679 -1.929654 1.852072 -2.522616 1.305640 
4820 1.000000 0.400000 0.111888 -1.905757 1.879795 -2.332781 1.254783 
4830 1.000000 0.400000 0.111761 -1.885376 1.917763 -2.142602 1.259702 
4840 1.000000 0.400000 0.112819 -1.872794 1.965393 -1.959569 1.307958 
4850 1.000000 0.400000 0.116368 -1.872449 2.018752 -1.775756 1.365376 
4860 1.000000 0.400000 0.119949 -1.886581 2.068356 -1.610713 1.460759 
4870 1.000000 0.400000 0.121619 -1.915694 2.116845 -1.527414 1.634221 
4880 1.000000 0.400000 0.119958 -1.961124 2.161302 -1.492040 1.816324 
4890 1.000000 0.400000 0.115883 -2.025047 2.197189 -1.514252 2.009854 
4900 1.000000 0.400000 0.115971 -2.100423 2.218947 -1.556425 2.160009 
4910 1.000000 0.400000 0.121551 -2.168054 2.217811 -1.568801 2.335799 
4920 1.000000 0.400000 0.125191 -2.222125 2.199820 -1.643529 2.508348 
4930 1.000000 0.400000 0.123911 -2.265538 2.169137 -1.783939 2.642259 
4940 1.000000 0.400000 0.118268 -2.301629 2.125844 -1.964165 2.664894 
4950 1.000000 0.400000 0.110468 -2.328192 2.071336 -2.137228 2.665833 
4960 1.000000 0.400000 0.104327 -2.338315 2.012557 -2.328130 2.660049 
4970 1.000000 0.400000 0.103554 -2.335929 1.972249 -2.464237 2.803036 
4980 1.000000 0.400000 0.105114 -2.331678 1.949990 -2.596571 2.922124 
4990 1.000000 0.400000 0.106698 -2.325394 1.933118 -2.765783 2.845298 
5000 1.000000 0.400000 0.107732 -2.316025 1.917559 -2.906015 2.739817 
5010 1.000000 0.400000 0.108206 -2.303531 1.902949 -3.004410 2.588372 
5020 1.000000 0.400000 0.107917 -2.286225 1.888772 -3.052940 2.407676 
5030 1.000000 0.400000 0.107153 -2.264196 1.877027 -3.089784 2.221121 
5040 1.000000 0.400000 0.106614 -2.238844 1.869650 -3.122819 2.027905 
5050 1.000000 0.400000 0.106957 -2.213319 1.868059 -3.113650 1.830938 
5060 1.000000 0.400000 0.108091 -2.189345 1.871743 -3.081085 1.638760 
5070 1.000000 0.400000 0.109533 -2.168522 1.879497 -3.012431 1.473067 
5080 1.000000 0.400000 0.110687 -2.146986 1.892633 -2.850077 1.367343 
5090 1.000000 0.400000 0.111240 -2.124828 1.913138 -2.663590 1.312845 
5100 1.000000 0.400000 0.111191 -2.103227 1.943143 -2.482838 1.289284 
5110 1.000000 0.400000 0.111324 -2.085797 1.982491 -2.304790 1.328848 
5120 1.000000 0.400000 0.113327 -2.075683 2.031434 -2.124971 1.360060 
5130 1.000000 0.400000 0.117610 -2.077307 2.083215 -1.967348 1.412746 
5140 1.000000 0.400000 0.121523 -2.089987 2.128494 -1.808812 1.486965 
5150 1.000000 0.400000 0.123241 -2.114136 2.170747 -1.719369 1.638914 
5160 1.000000 0.400000 0.122683 -2.153549 2.214428 -1.693347 1.823646 
5170 1.000000 0.400000 0.119098 -2.209551 2.251932 -1.697323 2.006717 
5180 1.000000 0.400000 0.116504 -2.282437 2.277661 -1.760708 2.189582 
5190 1.000000 0.400000 0.119794 -2.354926 2.279946 -1.770206 2.365746 
5200 1.000000 0.400000 0.124437 -2.412497 2.265019 -1.818444 2.529037 
5210 1.000000 0.400000 0.124619 -2.458922 2.237144 -1.957228 2.659990 
5220 1.000000 0.400000 0.120491 -2.499135 2.196159 -2.129971 2.707212 
5230 1.000000 0.400000 0.112443 -2.527007 2.144477 -2.312518 2.724512 
5240 1.000000 0.400000 0.104879 -2.540924 2.083558 -2.493635 2.711487 
5250 1.000000 0.400000 0.103517 -2.540968 2.039539 -2.595573 2.864210 
5260 1.000000 0.400000 0.105084 -2.537965 2.015774 -2.744796 2.978998 
5270 1.000000 0.400000 0.106779 -2.532580 1.998220 -2.899614 2.937272 
5280 1.000000 0.400000 0.108106 -2.524666 1.982377 -3.052661 2.851164 
5290 1.000000 0.400000 0.108770 -2.513285 1.967193 -3.163589 2.694891 
5300 1.000000 0.400000 0.108690 -2.497709 1.952637 -3.244392 2.537760 
5310 1.000000 0.400000 0.107996 -2.477665 1.939787 -3.281254 2.356038 
5320 1.000000 0.400000 0.107158 -2.453321 1.930478 -3.303862 2.163046 
5330 1.000000 0.400000 0.106943 -2.426748 1.926310 -3.299857 1.979841 
5340 1.000000 0.400000 0.107744 -2.400968 1.927413 -3.303608 1.802003 
5350 1.000000 0.400000 0.109105 -2.377009 1.933538 -3.226291 1.620220 
5360 1.000000 0.400000 0.110444 -2.354767 1.944658 -3.119724 1.460579 
5370 1.000000 0.400000 0.111395 -2.334146 1.960566 -2.976513 1.366758 
5380 1.000000 0.400000 0.111608 -2.313917 1.983565 -2.784262 1.337228 
5390 1.000000 0.400000 0.111267 -2.295442 2.015660 -2.605030 1.318931 
5400 1.000000 0.400000 0.111603 -2.281529 2.057212 -2.429332 1.384358 
5410 1.000000 0.400000 0.114622 -2.276024 2.110598 -2.263342 1.480842 
5420 1.000000 0.400000 0.120406 -2.285069 2.169027 -2.088126 1.569657 
5430 1.000000 0.400000 0.124317 -2.307043 2.218126 -1.954154 1.658108 
5440 1.000000 0.400000 0.125485 -2.343966 2.265531 -1.914868 1.851457 
5450 1.000000 0.400000 0.123042 -2.399252 2.308094 -1.914189 2.039977 
5460 1.000000 0.400000 0.119743 -2.471684 2.337978 -1.956083 2.222403 
5470 1.000000 0.400000 0.122624 -2.547286 2.347383 -1.980693 2.390422 
5480 1.000000 0.400000 0.127130 -2.609086 2.333862 -2.024346 2.583274 
5490 1.000000 0.400000 0.126600 -2.653618 2.308261 -2.122822 2.743449 
5500 1.000000 0.400000 0.121522 -2.688063 2.273087 -2.265628 2.836686 
5510 1.000000 0.400000 0.113535 -2.716498 2.226612 -2.448478 2.794583 
5520 1.000000 0.400000 0.105003 -2.735706 2.166290 -2.641983 2.762447 
5530 1.000000 0.400000 0.101956 -2.738076 2.115412 -2.785398 2.873382 
5540 1.000000 0.400000 0.103153 -2.735554 2.087798 -2.868007 3.049769 
5550 1.000000 0.400000 0.105204 -2.731984 2.070762 -3.030060 3.078527 
5560 1.000000 0.400000 0.106900 -2.725721 2.055076 -3.194335 2.976743 
5570 1.000000 0.400000 0.108091 -2.716470 2.040301 -3.322333 2.849195 
5580 1.000000 0.400000 0.108662 -2.703587 2.025946 -3.419463 2.693095 
5590 1.000000 0.400000 0.108597 -2.686762 2.013155 -3.492276 2.517026 
5600 1.000000 0.400000 0.108085 -2.665692 2.002893 -3.521787 2.323267 
5610 1.000000 0.400000 0.107711 -2.641256 1.996601 -3.528895 2.133337 
5620 1.000000 0.400000 0.107951 -2.614092 1.995127 -3.488322 1.953817 
5630 1.000000 0.400000 0.109034 -2.588926 1.999187 -3.472734 1.760068 
5640 1.000000 0.400000 0.110396 -2.566551 2.007839 -3.385221 1.595360 
5650 1.000000 0.400000 0.111443 -2.544760 2.021777 -3.228365 1.487511 
5660 1.000000 0.400000 0.111811 -2.523167 2.042424 -3.056615 1.432334 
5670 1.000000 0.400000 0.111398 -2.501970 2.072931 -2.859162 1.417093 
5680 1.000000 0.400000 0.111211 -2.484309 2.114490 -2.684083 1.458794 
5690 1.000000 0.400000 0.113164 -2.475000 2.164418 -2.511797 1.488726 
5700 1.000000 0.400000 0.117320 -2.478338 2.216376 -2.339687 1.563478 
5710 1.000000 0.400000 0.121292 -2.496050 2.267422 -2.201233 1.697664 
5720 1.000000 0.400000 0.122405 -2.529101 2.315133 -2.110072 1.866385 
5730 1.000000 0.400000 0.119489 -2.579243 2.356946 -2.085172 2.057846 
5740 1.000000 0.400000 0.115926 -2.648284 2.390202 -2.147685 2.235905 
5750 1.000000 0.400000 0.117006 -2.724049 2.403245 -2.152997 2.414378 
5760 1.000000 0.400000 0.121050 -2.782325 2.394205 -2.174742 2.599403 
5770 1.000000 0.400000 0.121789 -2.829129 2.371581 -2.275812 2.743588 
5780 1.000000 0.400000 0.118994 -2.869313 2.337446 -2.430797 2.836619 
5790 1.000000 0.400000 0.112676 -2.903645 2.289203 -2.620897 2.828618 
5800 1.000000 0.400000 0.105733 -2.925681 2.230057 -2.797269 2.826563 
5810 1.000000 0.400000 0.103488 -2.930878 2.181419 -2.932609 2.946818 
5820 1.000000 0.400000 0.104925 -2.930501 2.154010 -2.966153 3.126481 
5830 1.000000 0.400000 0.107052 -2.928481 2.136648 -3.148121 3.159080 
5840 1.000000 0.400000 0.108708 -2.923441 2.120494 -3.323956 3.077971 
5850 1.000000 0.400000 0.109761 -2.915160 2.104781 -3.473733 2.956701 
5860 1.000000 0.400000 0.110368 -2.904434 2.090505 -3.573966 2.848252 
5870 1.000000 0.400000 0.110282 -2.890004 2.076909 -3.643666 2.678563 
5880 1.000000 0.400000 0.109474 -2.870576 2.063988 -3.655062 2.500471 
5890 1.000000 0.400000 0.108339 -2.845903 2.053725 -3.669604 2.308127 
5900 1.000000 0.400000 0.107755 -2.817568 2.048356 -3.686387 2.123464 
5910 1.000000 0.400000 0.108381 -2.790488 2.048899 -3.682951 1.938435 
5920 1.000000 0.400000 0.109723 -2.766526 2.054580 -3.634511 1.753774 
5930 1.000000 0.400000 0.111104 -2.744134 2.064867 -3.521842 1.607681 
5940 1.000000 0.400000 0.112002 -2.722659 2.080673 -3.362337 1.510642 
5950 1.000000 0.400000 0.112122 -2.701191 2.104080 -3.182733 1.469564 
5960 1.000000 0.400000 0.111621 -2.681258 2.137039 -2.991737 1.462142 
5970 1.000000 0.400000 0.111766 -2.666193 2.179658 -2.833873 1.516690 
5980 1.000000 0.400000 0.114220 -2.659622 2.228895 -2.652730 1.552150 
5990 1.000000 0.400000 0.118432 -2.666372 2.280936 -2.502307 1.658717 
6000 1.000000 0.400000 0.122928 -2.688092 2.335735 -2.378460 1.802191 
6010 1.000000 0.400000 0.123518 -2.724232 2.382318 -2.269021 1.957556 
6020 1.000000 0.400000 0.119597 -2.772693 2.417673 -2.247858 2.129172 
6030 1.000000 0.400000 0.115455 -2.837704 2.446252 -2.304699 2.304107 
6040 1.000000 0.400000 0.115411 -2.910689 2.456606 -2.356708 2.479819 
6050 1.000000 0.400000 0.119621 -2.973734 2.444990 -2.374633 2.668775 
6060 1.000000 0.400000 0.120444 -3.022687 2.419568 -2.500752 2.795823 
6070 1.000000 0.400000 0.117122 -3.061419 2.382970 -2.655048 2.907747 
6080 1.000000 0.400000 0.110357 -3.091546 2.333502 -2.829601 2.920228 
6090 1.000000 0.400000 0.104340 -3.107774 2.278916 -3.019636 2.933401 
6100 1.000000 0.400000 0.102511 -3.109201 2.233762 -3.144537 3.040567 
6110 1.000000 0.400000 0.103976 -3.106726 2.208823 -3.279468 3.178894 
6120 1.000000 0.400000 0.105804 -3.101972 2.191410 -3.466485 3.163317 
6130 1.000000 0.400000 0.107253 -3.094578 2.176154 -3.611392 3.051989 
6140 1.000000 0.400000 0.108065 -3.083737 2.160909 -3.730184 2.914216 
6150 1.000000 0.400000 0.108247 -3.069154 2.146995 -3.816478 2.749580 
6160 1.000000 0.400000 0.107772 -3.049683 2.134231 -3.860177 2.564072 
6170 1.000000 0.400000 0.107112 -3.025450 2.124537 -3.863244 2.369739 
6180 1.000000 0.400000 0.107033 -2.998229 2.119887 -3.875125 2.175276 
6190 1.000000 0.400000 0.108020 -2.973061 2.121081 -3.872089 1.983732 
6200 1.000000 0.400000 0.109498 -2.949376 2.127390 -3.786623 1.823654 
6210 1.000000 0.400000 0.110943 -2.925040 2.139230 -3.662569 1.685404 
6220 1.000000 0.400000 0.111874 -2.901245 2.157601 -3.503478 1.584234 
6230 1.000000 0.400000 0.111979 -2.880079 2.182731 -3.325673 1.512526 
6240 1.000000 0.400000 0.111630 -2.860244 2.218070 -3.154384 1.577255 
6250 1.000000 0.400000 0.112557 -2.844197 2.266873 -2.972357 1.641842 
6260 1.000000 0.400000 0.116330 -2.840259 2.322013 -2.791074 1.671665 
6270 1.000000 0.400000 0.121810 -2.850953 2.378244 -2.630599 1.775088 
6280 1.000000 0.400000 0.124961 -2.877242 2.429677 -2.518363 1.925404 
6290 1.000000 0.400000 0.124464 -2.915629 2.473548 -2.441516 2.064766 
6300 1.000000 0.400000 0.121207 -2.967503 2.511347 -2.442193 2.238677 
6310 1.000000 0.400000 0.116555 -3.034724 2.537285 -2.510234 2.414567 
6320 1.000000 0.400000 0.117743 -3.109934 2.545072 -2.544362 2.603461 
6330 1.000000 0.400000 0.121489 -3.170298 2.531345 -2.567594 2.772910 
6340 1.000000 0.400000 0.121717 -3.214430 2.507138 -2.671919 2.927548 
6350 1.000000 0.400000 0.117873 -3.250381 2.472066 -2.829571 2.987962 
6360 1.000000 0.400000 0.111074 -3.280130 2.424581 -3.021261 2.998615 
6370 1.000000 0.400000 0.104492 -3.297465 2.369912 -3.191903 3.009274 
6380 1.000000 0.400000 0.102390 -3.300121 2.326597 -3.330221 3.140777 
6390 1.000000 0.400000 0.103475 -3.297637 2.301523 -3.469930 3.261534 
6400 1.000000 0.400000 0.105184 -3.293064 2.284005 -3.640126 3.246991 
6410 1.000000 0.400000 0.106523 -3.285565 2.267985 -3.802754 3.150598 
6420 1.000000 0.400000 0.107365 -3.274847 2.253050 -3.933248 3.024391 
6430 1.000000 0.400000 0.107716 -3.260832 2.239360 -4.011955 2.862775 
6440 1.000000 0.400000 0.107631 -3.243008 2.227366 -4.057735 2.678520 
6450 1.000000 0.400000 0.107280 -3.220465 2.217875 -4.073507 2.489283 
6460 1.000000 0.400000 0.107468 -3.195824 2.212959 -4.095903 2.302083 
6470 1.000000 0.400000 0.108466 -3.172342 2.213187 -4.096213 2.111596 
6480 1.000000 0.400000 0.109872 -3.148256 2.218336 -4.002819 1.954008 
6490 1.000000 0.400000 0.111348 -3.123681 2.228737 -3.879890 1.821445 
6500 1.000000 0.400000 0.112396 -3.099435 2.245629 -3.729071 1.705454 
6510 1.000000 0.400000 0.112615 -3.076539 2.270126 -3.547718 1.641737 
6520 1.000000 0.400000 0.112225 -3.055388 2.304352 -3.369282 1.644189 
6530 1.000000 0.400000 0.112520 -3.038871 2.350059 -3.195800 1.706087 
6540 1.000000 0.400000 0.115515 -3.032694 2.404972 -3.011793 1.769974 
6550 1.000000 0.400000 0.120515 -3.041424 2.461305 -2.845580 1.851552 
6560 1.000000 0.400000 0.124154 -3.066048 2.514824 -2.721863 1.999155 
6570 1.000000 0.400000 0.123777 -3.106421 2.562318 -2.648559 2.172289 
6580 1.000000 0.400000 0.119618 -3.163011 2.601503 -2.666854 2.351639 
6590 1.000000 0.400000 0.116273 -3.236816 2.629273 -2.709937 2.534166 
6600 1.000000 0.400000 0.119968 -3.312327 2.634920 -2.731437 2.707784 
6610 1.000000 0.400000 0.123698 -3.368851 2.619767 -2.768053 2.896205 
6620 1.000000 0.400000 0.123175 -3.411066 2.593996 -2.885877 3.040881 
6630 1.000000 0.400000 0.118481 -3.445786 2.557184 -3.041649 3.093635 
6640 1.000000 0.400000 0.111678 -3.473950 2.510389 -3.215117 3.127982 
6650 1.000000 0.400000 0.105104 -3.489999 2.457308 -3.392919 3.104151 
6660 1.000000 0.400000 0.102450 -3.491843 2.410413 -3.550674 3.187249 
6670 1.000000 0.400000 0.103479 -3.488630 2.383927 -3.654956 3.346272 
6680 1.000000 0.400000 0.105174 -3.483564 2.365391 -3.839748 3.311032 
6690 1.000000 0.400000 0.106539 -3.475474 2.348787 -4.000711 3.207199 
6700 1.000000 0.400000 0.107377 -3.464203 2.333927 -4.140987 3.073617 
6710 1.000000 0.400000 0.107600 -3.449147 2.320271 -4.219749 2.905881 
6720 1.000000 0.400000 0.107307 -3.429743 2.308134 -4.253426 2.723070 
6730 1.000000 0.400000 0.106904 -3.406136 2.299331 -4.272178 2.526650 
6740 1.000000 0.400000 0.107121 -3.380723 2.295555 -4.274844 2.336623 
6750 1.000000 0.400000 0.108153 -3.355428 2.297059 -4.270358 2.153671 
6760 1.000000 0.400000 0.109667 -3.331810 2.303383 -4.174975 1.985182 
6770 1.000000 0.400000 0.111045 -3.308551 2.315143 -4.057768 1.831300 
6780 1.000000 0.400000 0.111941 -3.286281 2.332609 -3.892979 1.753117 
6790 1.000000 0.400000 0.112203 -3.261706 2.359588 -3.715021 1.785984 
6800 1.000000 0.400000 0.112178 -3.238956 2.396768 -3.532398 1.759473 
6810 1.000000 0.400000 0.112922 -3.223687 2.442499 -3.363848 1.787503 
6820 1.000000 0.400000 0.115995 -3.219384 2.495148 -3.186209 1.856275 
6830 1.000000 0.400000 0.121007 -3.229772 2.551886 -3.021743 1.956799 
6840 1.000000 0.400000 0.124670 -3.257192 2.607542 -2.917406 2.120283 
6850 1.000000 0.400000 0.124002 -3.302419 2.657236 -2.848714 2.301042 
6860 1.000000 0.400000 0.119896 -3.365167 2.697145 -2.854856 2.486021 
6870 1.000000 0.400000 0.116943 -3.437094 2.719696 -2.886983 2.652212 
6880 1.000000 0.400000 0.119727 -3.507088 2.719589 -2.926913 2.835219 
6890 1.000000 0.400000 0.122082 -3.562932 2.700807 -2.979089 3.019742 
6900 1.000000 0.400000 0.119970 -3.604035 2.671140 -3.122072 3.145358 
6910 1.000000 0.400000 0.113653 -3.636705 2.629460 -3.309839 3.196902 
6920 1.000000 0.400000 0.105747 -3.657619 2.578575 -3.491634 3.188968 
6930 1.000000 0.400000 0.101137 -3.664746 2.527593 -3.646205 3.269269 
6940 1.000000 0.400000 0.101653 -3.664285 2.497856 -3.699777 3.448561 
6950 1.000000 0.400000 0.103894 -3.664363 2.480462 -3.584468 3.531129 
6960 1.000000 0.400000 0.106534 -3.666983 2.465552 -3.391176 3.517321 
6970 1.000000 0.400000 0.109208 -3.672190 2.451254 -3.227271 3.424413 
6980 1.000000 0.400000 0.111741 -3.679618 2.438368 -3.064574 3.322217 
6990 1.000000 0.400000 0.113903 -3.690317 2.425505 -2.993698 3.146737 
7000 1.000000 0.400000 0.115517 -3.705324 2.412675 -2.923678 2.966944 
7010 1.000000 0.400000 0.116566 -3.725934 2.400450 -2.918193 2.784079 
7020 1.000000 0.400000 0.117216 -3.753787 2.389806 -2.968455 2.607369 
7030 1.000000 0.400000 0.117586 -3.784884 2.383762 -2.975563 2.434825 
7040 1.000000 0.400000 0.119148 -3.819700 2.385028 -3.069412 2.263191 
7050 1.000000 0.400000 0.120744 -3.861659 2.396402 -3.205663 2.136420 
7060 1.000000 0.400000 0.122008 -3.907180 2.419939 -3.370888 2.041704 
7070 1.000000 0.400000 0.120401 -3.948310 2.457197 -3.535535 1.991509 
7080 1.000000 0.400000 0.116746 -3.982416 2.505973 -3.694098 1.942259 
7090 1.000000 0.400000 0.113609 -4.007422 2.567733 -3.866285 2.021861 
7100 1.000000 0.400000 0.116209 -4.016784 2.642528 -4.046819 2.080524 
7110 1.000000 0.400000 0.121783 -4.004391 2.708303 -4.217464 2.131383 
7120 1.000000 0.400000 0.123824 -3.977090 2.759852 -4.365697 2.253524 
7130 1.000000 0.400000 0.121685 -3.934422 2.805619 -4.409747 2.432880 
7140 1.000000 0.400000 0.115118 -3.876180 2.840430 -4.410618 2.627153 
7150 1.000000 0.400000 0.109140 -3.809213 2.857868 -4.409219 2.802586 
7160 1.000000 0.400000 0.108167 -3.758805 2.857086 -4.515837 2.956951 
7170 1.000000 0.400000 0.109557 -3.730687 2.851834 -4.626182 3.111064 
7180 1.000000 0.400000 0.110726 -3.710734 2.843874 -4.561690 3.291481 
7190 1.000000 0.400000 0.110914 -3.692322 2.831695 -4.421008 3.419619 
7200 1.000000 0.400000 0.110068 -3.675648 2.815091 -4.253808 3.519259 
7210 1.000000 0.400000 0.108207 -3.660720 2.792848 -4.081463 3.543854 
7220 1.000000 0.400000 0.106040 -3.649047 2.764973 -3.890748 3.556943 
7230 1.000000 0.400000 0.105101 -3.643683 2.736805 -3.725466 3.623914 
7240 1.000000 0.400000 0.105837 -3.643746 2.714514 -3.547371 3.676137 
7250 1.000000 0.400000 0.107208 -3.647627 2.693968 -3.380905 3.642592 
7260 1.000000 0.400000 0.108786 -3.654633 2.675887 -3.228828 3.548847 
7270 1.000000 0.400000 0.110253 -3.664830 2.659157 -3.082059 3.451989 
7280 1.000000 0.400000 0.111334 -3.678807 2.643447 -3.022858 3.287270 
7290 1.000000 0.400000 0.111950 -3.698969 2.626188 -2.997312 3.126228 
7300 1.000000 0.400000 0.112319 -3.726046 2.609816 -2.977939 2.956443 
7310 1.000000 0.400000 0.112671 -3.758846 2.598720 -3.012579 2.771923 
7320 1.000000 0.400000 0.113846 -3.796882 2.592862 -3.043219 2.604138 
7330 1.000000 0.400000 0.116886 -3.838254 2.597137 -3.141677 2.437805 
7340 1.000000 0.400000 0.119325 -3.882150 2.613114 -3.273061 2.305542 
7350 1.000000 0.400000 0.120616 -3.927498 2.642644 -3.443640 2.226683 
7360 1.000000 0.400000 0.119097 -3.969231 2.687857 -3.629832 2.197085 
7370 1.000000 0.400000 0.115323 -4.000193 2.748242 -3.826123 2.199544 
7380 1.000000 0.400000 0.114585 -4.013617 2.820114 -4.003495 2.259557 
7390 1.000000 0.400000 0.119397 -4.005226 2.891025 -4.182657 2.334079 
7400 1.000000 0.400000 0.121982 -3.980233 2.945580 -4.340619 2.414323 
7410 1.000000 0.400000 0.120042 -3.941356 2.990819 -4.409733 2.587812 
7420 1.000000 0.400000 0.113603 -3.889877 3.024026 -4.443115 2.776704 
7430 1.000000 0.400000 0.106673 -3.825356 3.043958 -4.399495 2.955056 
7440 1.000000 0.400000 0.105328 -3.771311 3.046589 -4.507538 3.099777 
7450 1.000000 0.400000 0.107069 -3.741500 3.043109 -4.676635 3.191301 
7460 1.000000 0.400000 0.109300 -3.723479 3.039218 -4.696042 3.345188 
7470 1.000000 0.400000 0.110767 -3.706095 3.031967 -4.577611 3.492511 
7480 1.000000 0.400000 0.111518 -3.690537 3.021818 -4.480470 3.647205 
7490 1.000000 0.400000 0.111321 -3.674723 3.007391 -4.307978 3.703271 
7500 1.000000 0.400000 0.110138 -3.660453 2.988128 -4.129118 3.745334 
7510 1.000000 0.400000 0.108258 -3.648376 2.963114 -3.946203 3.771673 
7520 1.000000 0.400000 0.106818 -3.641657 2.935090 -3.749768 3.791332 
7530 1.000000 0.400000 0.106735 -3.641342 2.908574 -3.560322 3.822616 
7540 1.000000 0.400000 0.107719 -3.645763 2.886402 -3.363852 3.810409 
7550 1.000000 0.400000 0.108998 -3.653816 2.867378 -3.193075 3.715079 
7560 1.000000 0.400000 0.110085 -3.665729 2.849759 -3.060737 3.585965 
7570 1.000000 0.400000 0.110715 -3.682437 2.833004 -3.009213 3.409166 
7580 1.000000 0.400000 0.110798 -3.706261 2.816563 -2.991270 3.223480 
7590 1.000000 0.400000 0.110916 -3.739096 2.802103 -3.013718 3.044825 
7600 1.000000 0.400000 0.111949 -3.779677 2.792480 -3.050602 2.869280 
7610 1.000000 0.400000 0.115087 -3.821274 2.792874 -3.100691 2.686266 
7620 1.000000 0.400000 0.118386 -3.864656 2.804814 -3.202465 2.526554 
7630 1.000000 0.400000 0.120093 -3.903296 2.826104 -3.329807 2.419683 
7640 1.000000 0.400000 0.119652 -3.940843 2.859154 -3.505081 2.369521 
7650 1.000000 0.400000 0.116868 -3.976311 2.908594 -3.699451 2.381266 
7660 1.000000 0.400000 0.114582 -4.002880 2.975851 -3.876838 2.438600 
7670 1.000000 0.400000 0.118074 -4.009933 3.049985 -4.066714 2.477655 
7680 1.000000 0.400000 0.122786 -3.994809 3.112750 -4.244550 2.549012 
7690 1.000000 0.400000 0.123598 -3.964434 3.163311 -4.369437 2.682969 
7700 1.000000 0.400000 0.119676 -3.918812 3.206458 -4.426081 2.860421 
7710 1.000000 0.400000 0.112523 -3.864127 3.235039 -4.427600 3.036748 
7720 1.000000 0.400000 0.106442 -3.799770 3.248438 -4.407661 3.226897 
7730 1.000000 0.400000 0.105987 -3.755184 3.247195 -4.566938 3.340542 
7740 1.000000 0.400000 0.107776 -3.731301 3.243679 -4.697362 3.456535 
7750 1.000000 0.400000 0.109491 -3.713955 3.238194 -4.641589 3.627286 
7760 1.000000 0.400000 0.110543 -3.697751 3.229593 -4.539701 3.779758 
7770 1.000000 0.400000 0.110683 -3.682086 3.217065 -4.371273 3.879123 
7780 1.000000 0.400000 0.109778 -3.667176 3.199475 -4.189206 3.950052 
7790 1.000000 0.400000 0.108287 -3.654847 3.177471 -4.024150 3.980411 
7800 1.000000 0.400000 0.106928 -3.646475 3.152116 -3.841187 3.998341 
7810 1.000000 0.400000 0.106336 -3.643303 3.124157 -3.659930 3.989982 
7820 1.000000 0.400000 0.107103 -3.645180 3.099641 -3.481232 4.040772 
7830 1.000000 0.400000 0.108558 -3.650753 3.080040 -3.295099 3.988231 
7840 1.000000 0.400000 0.109955 -3.660122 3.061846 -3.140304 3.875714 
7850 1.000000 0.400000 0.111043 -3.673954 3.043843 -3.047413 3.723913 
7860 1.000000 0.400000 0.111562 -3.693715 3.026286 -3.005025 3.532890 
7870 1.000000 0.400000 0.111623 -3.719098 3.011564 -2.962749 3.350815 
7880 1.000000 0.400000 0.111590 -3.753491 2.999731 -3.019340 3.167192 
7890 1.000000 0.400000 0.112914 -3.797853 2.993028 -3.117483 3.024377 
7900 1.000000 0.400000 0.117228 -3.845371 2.997299 -3.162619 2.837739 
7910 1.000000 0.400000 0.120563 -3.890385 3.013646 -3.282052 2.704171 
7920 1.000000 0.400000 0.121940 -3.932012 3.041203 -3.434264 2.623120 
7930 1.000000 0.400000 0.121203 -3.975068 3.085560 -3.622408 2.614746 
7940 1.000000 0.400000 0.117869 -4.007682 3.143728 -3.807280 2.592418 
7950 1.000000 0.400000 0.116340 -4.024224 3.214053 -3.982339 2.671951 
7960 1.000000 0.400000 0.122549 -4.021206 3.291297 -4.142662 2.746550 
7970 1.000000 0.400000 0.127030 -3.999396 3.350408 -4.322723 2.808737 
7980 1.000000 0.400000 0.125684 -3.965000 3.395278 -4.441427 2.945147 
7990 1.000000 0.400000 0.119481 -3.918124 3.431011 -4.440887 3.120971 
8000 1.000000 0.400000 0.111387 -3.858986 3.456969 -4.420806 3.301919 
8010 1.000000 0.400000 0.106193 -3.800075 3.465034 -4.482319 3.473636 
8020 1.000000 0.400000 0.105857 -3.761608 3.461334 -4.593173 3.622251 
8030 1.000000 0.400000 0.107015 -3.737888 3.454663 -4.638265 3.801993 
8040 1.000000 0.400000 0.108002 -3.719580 3.445440 -4.542265 3.968900 
8050 1.000000 0.400000 0.108348 -3.703528 3.432896 -4.407131 4.094090 
8060 1.000000 0.400000 0.107810 -3.688430 3.415637 -4.229226 4.162248 
8070 1.000000 0.400000 0.106731 -3.675749 3.393740 -4.046199 4.213620 
8080 1.000000 0.400000 0.105882 -3.667756 3.369195 -3.856458 4.241346 
8090 1.000000 0.400000 0.105841 -3.665100 3.343538 -3.668245 4.256408 
8100 1.000000 0.400000 0.106873 -3.667360 3.321578 -3.472620 4.271587 
8110 1.000000 0.400000 0.108291 -3.673550 3.301203 -3.315954 4.190827 
8120 1.000000 0.400000 0.109671 -3.684209 3.280078 -3.198054 4.050813 
8130 1.000000 0.400000 0.110722 -3.700172 3.259735 -3.102254 3.889707 
8140 1.000000 0.400000 0.111220 -3.722685 3.240674 -3.047085 3.708702 
8150 1.000000 0.400000 0.111442 -3.753336 3.223344 -3.047275 3.533857 
8160 1.000000 0.400000 0.112085 -3.792152 3.210835 -3.100667 3.364424 
8170 1.000000 0.400000 0.114794 -3.840277 3.205479 -3.174033 3.188295 
8180 1.000000 0.400000 0.119361 -3.889437 3.213540 -3.250292 3.015869 
8190 1.000000 0.400000 0.122102 -3.935537 3.234741 -3.376885 2.873936 
8200 1.000000 0.400000 0.121645 -3.979050 3.270942 -3.564091 2.813745 
8210 1.000000 0.400000 0.118575 -4.019877 3.325659 -3.749639 2.837541 
8220 1.000000 0.400000 0.116274 -4.048967 3.393823 -3.920833 2.860288 
8230 1.000000 0.400000 0.118942 -4.056877 3.469691 -4.106214 2.910439 
8240 1.000000 0.400000 0.124197 -4.041671 3.537334 -4.286101 2.980146 
8250 1.000000 0.400000 0.124611 -4.011561 3.587501 -4.434945 3.095203 
8260 1.000000 0.400000 0.119843 -3.968873 3.627122 -4.492213 3.274058 
8270 1.000000 0.400000 0.111423 -3.910923 3.657351 -4.458652 3.467658 
8280 1.000000 0.400000 0.104559 -3.843208 3.670283 -4.454594 3.659899 
8290 1.000000 0.400000 0.104460 -3.797704 3.668972 -4.610696 3.711100 
8300 1.000000 0.400000 0.106976 -3.774033 3.667587 -4.774268 3.742643 
8310 1.000000 0.400000 0.109957 -3.759077 3.667337 -4.869331 3.613237 
8320 1.000000 0.400000 0.113073 -3.746005 3.669225 -4.835725 3.423549 
8330 1.000000 0.400000 0.116077 -3.733372 3.673299 -4.761956 3.254875 
8340 1.000000 0.400000 0.118783 -3.721164 3.679602 -4.659232 3.103963 
8350 1.000000 0.400000 0.121056 -3.708261 3.689064 -4.480439 3.026934 
8360 1.000000 0.400000 0.122669 -3.695297 3.702412 -4.315855 2.937303 
8370 1.000000 0.400000 0.123387 -3.682618 3.720933 -4.123740 2.937434 
8380 1.000000 0.400000 0.123073 -3.671255 3.746310 -3.934050 2.942761 
8390 1.000000 0.400000 0.122214 -3.663013 3.780485 -3.769248 3.041755 
8400 1.000000 0.400000 0.122358 -3.660728 3.826488 -3.600614 3.141740 
8410 1.000000 0.400000 0.124185 -3.670769 3.878958 -3.453258 3.256148 
8420 1.000000 0.400000 0.125126 -3.695202 3.928852 -3.330416 3.399435 
8430 1.000000 0.400000 0.122638 -3.733629 3.972039 -3.260012 3.571221 
8440 1.000000 0.400000 0.117817 -3.790727 4.011868 -3.299585 3.759976 
8450 1.000000 0.400000 0.114897 -3.864377 4.040437 -3.350096 3.924247 
8460 1.000000 0.400000 0.119632 -3.939328 4.049340 -3.372809 4.096121 
8470 1.000000 0.400000 0.124736 -3.998164 4.036127 -3.392860 4.280206 
8480 1.000000 0.400000 0.125857 -4.040285 4.014088 -3.443581 4.429344 
8490 1.000000 0.400000 0.123722 -4.074991 3.984395 -3.611329 4.508384 
8500 1.000000 0.400000 0.117786 -4.105996 3.941552 -3.796610 4.524775 
8510 1.000000 0.400000 0.109942 -4.127903 3.886490 -3.982029 4.480092 
8520 1.000000 0.400000 0.105306 -4.134990 3.828337 -4.130624 4.535949 
8530 1.000000 0.400000 0.105880 -4.133245 3.794630 -4.238529 4.692242 
8540 1.000000 0.400000 0.107748 -4.129950 3.775234 -4.388629 4.770057 
8550 1.000000 0.400000 0.109387 -4.124443 3.759823 -4.566167 4.712338 
8560 1.000000 0.400000 0.110298 -4.115457 3.744310 -4.688328 4.562917 
8570 1.000000 0.400000 0.110398 -4.102613 3.729111 -4.810869 4.418551 
8580 1.000000 0.400000 0.109777 -4.085724 3.715219 -4.841280 4.244659 
8590 1.000000 0.400000 0.108618 -4.063694 3.702134 -4.876377 4.086823 
8600 1.000000 0.400000 0.107594 -4.037734 3.693079 -4.869486 3.896907 
8610 1.000000 0.400000 0.107559 -4.011041 3.689637 -4.909705 3.709468 
8620 1.000000 0.400000 0.108517 -3.985124 3.691556 -4.879032 3.532613 
8630 1.000000 0.400000 0.110016 -3.961389 3.698393 -4.817551 3.356504 
8640 1.000000 0.400000 0.111411 -3.938775 3.710256 -4.671455 3.241396 
8650 1.000000 0.400000 0.112263 -3.915387 3.729100 -4.501947 3.155844 
8660 1.000000 0.400000 0.112359 -3.893122 3.756038 -4.319200 3.121572 
8670 1.000000 0.400000 0.112136 -3.872908 3.793715 -4.147195 3.155475 
8680 1.000000 0.400000 0.113119 -3.859606 3.839597 -3.960837 3.167592 
8690 1.000000 0.400000 0.115973 -3.858086 3.889120 -3.796371 3.221591 
8700 1.000000 0.400000 0.120184 -3.869277 3.941042 -3.646561 3.320253 
8710 1.000000 0.400000 0.122903 -3.894274 3.990492 -3.512641 3.465306 
8720 1.000000 0.400000 0.121495 -3.933949 4.033336 -3.447409 3.641212 
8730 1.000000 0.400000 0.116729 -3.989228 4.068543 -3.473621 3.828130 
8740 1.000000 0.400000 0.113646 -4.062958 4.093981 -3.541725 4.011809 
8750 1.000000 0.400000 0.118951 -4.142507 4.096458 -3.585533 4.183430 
8760 1.000000 0.400000 0.123966 -4.200637 4.079226 -3.607263 4.371063 
8770 1.000000 0.400000 0.123715 -4.244056 4.050567 -3.749116 4.508168 
8780 1.000000 0.400000 0.118605 -4.278786 4.010293 -3.926017 4.573589 
8790 1.000000 0.400000 0.110596 -4.302615 3.960222 -4.106346 4.561088 
8800 1.000000 0.400000 0.104115 -4.313695 3.904261 -4.278077 4.566676 
8810 1.000000 0.400000 0.102885 -4.312509 3.864465 -4.413117 4.703576 
8820 1.000000 0.400000 0.104115 -4.308273 3.841224 -4.566334 4.782757 
8830 1.000000 0.400000 0.105577 -4.301746 3.824033 -4.753607 4.745706 
8840 1.000000 0.400000 0.106730 -4.292676 3.809003 -4.883570 4.621560 
8850 1.000000 0.400000 0.107379 -4.280392 3.794885 -5.007344 4.495613 
8860 1.000000 0.400000 0.107568 -4.264859 3.782169 -5.058486 4.325648 
8870 1.000000 0.400000 0.107298 -4.244737 3.771048 -5.078745 4.140606 
8880 1.000000 0.400000 0.106998 -4.219889 3.763155 -5.077355 3.948924 
8890 1.000000 0.400000 0.107527 -4.194232 3.760123 -5.098042 3.779675 
8900 1.000000 0.400000 0.108831 -4.170212 3.762223 -5.070386 3.595794 
8910 1.000000 0.400000 0.110430 -4.146701 3.768825 -4.991877 3.444443 
8920 1.000000 0.400000 0.111907 -4.123807 3.780167 -4.882061 3.310040 
8930 1.000000 0.400000 0.112775 -4.101851 3.797248 -4.713292 3.216134 
8940 1.000000 0.400000 0.112830 -4.078640 3.823410 -4.531948 3.220687 
8950 1.000000 0.400000 0.112442 -4.057232 3.859433 -4.354510 3.197060 
8960 1.000000 0.400000 0.112872 -4.041980 3.905968 -4.167332 3.251689 
8970 1.000000 0.400000 0.115968 -4.037881 3.959875 -4.003982 3.329261 
8980 1.000000 0.400000 0.120943 -4.047942 4.015368 -3.850489 3.412509 
8990 1.000000 0.400000 0.124221 -4.072459 4.066229 -3.710471 3.535003 
9000 1.000000 0.400000 0.123871 -4.111014 4.111409 -3.655633 3.708814 
9010 1.000000 0.400000 0.120158 -4.167473 4.151571 -3.660469 3.903851 
9020 1.000000 0.400000 0.116310 -4.239508 4.178291 -3.714954 4.070984 
9030 1.000000 0.400000 0.118619 -4.313474 4.183630 -3.744588 4.262141 
9040 1.000000 0.400000 0.121493 -4.370974 4.167392 -3.784116 4.448629 
9050 1.000000 0.400000 0.120546 -4.415484 4.139147 -3.909915 4.586679 
9060 1.000000 0.400000 0.115547 -4.449963 4.100421 -4.085070 4.646112 
9070 1.000000 0.400000 0.107650 -4.475898 4.048104 -4.281676 4.635315 
9080 1.000000 0.400000 0.101901 -4.486628 3.991990 -4.455515 4.691623 
9090 1.000000 0.400000 0.101815 -4.486452 3.958083 -4.539330 4.857072 
9100 1.000000 0.400000 0.103586 -4.483890 3.938407 -4.705091 4.962711 
9110 1.000000 0.400000 0.105378 -4.478955 3.922718 -4.876592 4.883061 
9120 1.000000 0.400000 0.106759 -4.471130 3.907611 -5.024857 4.783042 
9130 1.000000 0.400000 0.107647 -4.460154 3.892929 -5.122299 4.638128 
9140 1.000000 0.400000 0.108072 -4.446073 3.879582 -5.210294 4.485600 
9150 1.000000 0.400000 0.108006 -4.427868 3.867936 -5.256614 4.299026 
9160 1.000000 0.400000 0.107713 -4.404800 3.858786 -5.257217 4.107819 
9170 1.000000 0.400000 0.107883 -4.378300 3.854061 -5.260725 3.918671 
9180 1.000000 0.400000 0.108913 -4.351515 3.855068 -5.251142 3.731023 
9190 1.000000 0.400000 0.110464 -4.326620 3.861084 -5.167227 3.560022 
9200 1.000000 0.400000 0.111900 -4.302203 3.872654 -5.061457 3.416194 
9210 1.000000 0.400000 0.112842 -4.278387 3.890001 -4.894503 3.363247 
9220 1.000000 0.400000 0.113015 -4.254086 3.915592 -4.721018 3.312934 
9230 1.000000 0.400000 0.112310 -4.232941 3.950687 -4.531852 3.292847 
9240 1.000000 0.400000 0.112318 -4.216343 3.998614 -4.355752 3.366261 
9250 1.000000 0.400000 0.115644 -4.210708 4.056939 -4.177009 3.437803 
9260 1.000000 0.400000 0.121073 -4.221842 4.116149 -4.025782 3.535877 
9270 1.000000 0.400000 0.124716 -4.248174 4.169695 -3.875353 3.650609 
9280 1.000000 0.400000 0.123468 -4.287563 4.212812 -3.799792 3.819534 
